1 0
1 1
1 2
1 3
1 4
1 5
1 6
1 7
1 8
1 9
1 10
1 11
1 12
1 13
1 14
1 15
1 16
1 17
1 18
1 19
1 20
1 21
1 22
1 23
1 24
1 25
1 26
1 27
1 28
1 29
1 30
1 31
1 32
1 33
1 34
1 35
1 36
1 37
1 38
1 39
1 40
1 41
1 42
1 43
1 44
1 45
1 46
1 47
1 48
1 49
1 50
1 51
1 52
1 53
1 54
1 55
1 56
1 57
1 60
1 64
1 65
1 66
1 67
1 68
1 69
1 70
1 71
1 72
1 73
1 74
1 75
1 76
1 77
1 78
1 80
1 81
1 82
1 83
1 84
1 85
1 86
1 87
1 88
1 89
1 90
1 91
1 92
1 93
1 94
1 96
1 97
1 98
1 99
1 100
1 101
1 102
1 103
1 104
1 108
1 112
1 113
1 114
1 115
1 116
1 117
1 118
1 119
1 128
1 129
1 130
1 132
1 133
1 144
1 145
1 146
1 148
1 160
1 176
1 192
1 193
1 194
1 196
1 197
43 58 59 107 110 111 122 124 125 127 134 135 136 147 149 150 154 155 157 163 168 171 177 180 182 183 184 185 190 195 198 199 200 209 210 212 213 214 215 216 217 220 223 224
42 58 61 63 79 95 105 110 122 125 126 131 134 135 139 140 142 150 151 152 155 157 161 163 168 169 171 172 173 175 177 178 180 184 185 188 189 199 203 204 205 206 208
12 62 63 106 127 131 134 135 139 142 143 147 149
68 59 61 63 105 106 110 111 125 126 134 136 137 138 140 141 142 147 151 152 153 156 157 158 159 161 164 165 166 169 171 173 174 175 178 179 183 186 189 190 202 204 206 207 208 209 210 212 213 214 216 219 220 221 222 223 224 225 226 227 228 229 230 231 232 235 236 238 240
60 62 63 95 105 106 107 110 120 122 123 125 126 134 135 136 138 139 142 143 147 149 151 152 153 157 158 159 161 162 167 170 171 172 173 174 177 180 183 187 188 189 190 191 204 205 206 209 211 212 213 214 216 218 219 221 222 223 225 227 229